927359296099102045551172733537392841167041524651540319702128676392592557775717593967541797673790779249495489313389308188770142596434699788762646148512117638687345926673955029795489157535270239170569874443287705775235932367598556708759641994407894442877540305187043910285355452033811013979433246130386337510401941571049747097797864172093302767828082919429617262495627079022524694915412940374328365007798609869074532128992401107167775108865034703689944621652645412604795293242391633931398978974100975530815290671153276673291087109671825218767059152324602186987133054128292897726591374164256574038407
674077587319742454985025883938866261745774699976895136950332233039284976630424844804954358081051228859698792688875903332344616707939303623269796388493902463337098113394840500090092818485621568816665260802286093026669305005755036967132725543338828683527274453057066243706029363743130492268852273786584792005245991565321256305650797130306336298988682123295704777255245422353557950436569718810
717026467776753173686938606601920957940753580186653826727999199891147417691627166545018420542541927481449619682014169431527154831996368742036509057243833596057474423356701200367699826552865484217949178780240647457443438709626475105232070689057299380974385964903231255873134941132882424004586546432821041897037547867712627054956572061105422098259830736500281025724106661855111032439154317969151089552054666117545666477392633221918265399448432448105
6311896216611939690140850520680488651341862345360052941273227158200854506091598900543587538844068044818938403340672601273838474856226835045228206245181628381011744979934637353756462350593154226969025758486760531187941998994212866661238881438650163441509552715174062265508424859896245047862823600849258340034347635933277190426763240410359672740777542636993451122811233400297345860958618999147080606748244774433306862607180117466725148322441780806461141467
8896496688684975768271790571848710751475743730689678123519791361926977972153429293956318718677256948191589327868485041002977018705532295295144672628425988898633687785757942042991732688126018044094669377100890537854264458349359094643791621457780344565216136021516335967244058981643684991047883347633078040297277566974679015277849677688539622459721220858064241344359014599851298601554949353654122409337672254936482578048975384353939403223659182559412558990501880224834310653069767707278105772185970338865302512286218081819468755812630623035082827746438967620509086499213392239258550756093414247313999303418926371761815508112254762328414657214474474635864346802038362418527521202942258091379739041772380156026027831033251639938372999135896612395858852
031772121915077791890497606128437745560758796680738808489215321000826098438631345110864428481427424528486683412731837562421133486312476490533065818838881802617502978546436778163259245142049976612563918118259210957486861874721175333860680058691630513472419427319214806160430657730528713795445843364165485160141760417587500489863133902315454477866214101552421252002251762694083489505899192725848911912248619622526698632385630970037780502430456007030589219532671799676125548917514003539194229691325470968693914390939165691856993200439012039245848812237402328916027923500400881629928161672438085398140936936806826374203159616794344511740406547055904864581624949020453911653099274819317205090665708493
273590507445087559562648852694441024905568677416768345822484179609324717688595295408999186019843215603223087682953173532899341264899496352058561171533101689590101311379821508520136280500127770481762136205791824849561044571858373040594651956250531536982684885230
6472648209852489
7471120718742865208116386675936925472955047956835237955224100779172926477553476165989057949052246734690242758687812941839586237586304378316843375526404467625465507713390375765892680854858900127162306508333530344808203199486855249434340957556657314111821144765112757435367587722939867312690514848261727831947003545825467319200547287387170419284686546657402818901469295779410279833984109287080514688067245611598590944489290329733319024235944722599441053973557314080973511027087752433268886255629863702333824709083973456985954998456414945631442480
01670587807345174702786622759673457779874564151386992345423727522890236342540395983017655733754533231948674512619074606059785767642171696491032254179895307541993978681497698779283526622028132621629693130534358235404902651317042910105762163111807823731862534342440992574229618906814731829534647050528668802759659093115007005679690108593549181707610114103017264738321819218907604819658480232933873466393857911892061273519636191752343675993138482027849632891442891590891851916742895673186605989090447793445966848445311718215621590093381336563793676662050212390521229369173550017221436887107021999037871980735642914342352459704068898105828814343161744313113293036948104890524595915607715324569108555189463943974690407829800278969708898964451765169300125771043130391721745422807615022102371315868767365020552242332244464446855448797634706834304768865288045384730968188835278037915896635605778532266819478245204619970732467482929367999403060
6970683024688393260107495164421451354392311563365575694273203521415716449583865673982700431803762731397611790610998911194238516113054693062641530161745914822819841737038112726734747466565414474772521619600274540115060181996471667195041342807533122844215335842911423690836993015670027534097926890918313495636329596457196
00618574686594637054140098650589036535776934216205582814982532753556568963879046422808924977259800826401050677529285653392172433926507803882533651460307396494938373321446124424409895980876005181830646865239164619325065250801992130115716646550923424204611518322219675587512945840766903223028101782348490197861862031938506958853244812988130831657174974318742192467479493902909343613267618622778891948913810935025478042534588819067446126541948861800941968599621135052854837578449050698789744697423313166298606687775638658992001098256142414354875414169832417975212761014895028453470648374160972237692631539400106575667781699535614625010368767238429143676938182106098873219387169150972155998129899647872646564085836904256795664440672552987001988065791109962598800947507549948365715892
94623569446305849612677410094159252465053129795698322963927546458295635602500490671379682451419141063531263172660025069927114768309835380626750426910627199120959288949502208
98938251304386056431193965525953504451886053525674188043087298253522040263527213137382700370365207723421767518372039363919527401583285620291577391667546026631542717197888151127768033064323877495641530076433881545126869820239377417704354819185407389592387627202020290363642545399661251937476469884970337462753769024497063108535532598658703353141061655991811562308349341323639089866937799861
278213703407943522122578097534585530308487629379076116700264703145025935757808370296090886542458865113029002348209992566531708399571275389187753816913960321448774906097329461882624991818913592263779612931516158370
039248405552427937085931486100100991808820768442155474278951124196233936150392140576196710564591329936694606899584715037044413645848833070450970421225762897626314262479687566205
65972329002365041544786256017394481621116717021931323066697620362927462457670574477133505442078178958988953000878082307860951173186257290837854361090876473346764922309320805987534746318383387434084738613970692256472296924576888722165906265670686540313029805558744482734008090838972985242401648418391708976846965360665915506966426685075048777953162095
72659940694954235915371936587587182078202763011154660429570096117218350467356688637032704759109629058991353390867349949070404151286330476661815999113608469281013078502458718697439642674453001327455425748313613282974187888548850205505794536644261881053559401371814461584783996121199097508842472674216035220941589597709877728270929265778514835671867129485122691115784848648190996901065039976402328308071191422234965589975107882789280493560290669367266318795289032452428606240786245430911358076434475964131176079015795996467206780089798268675971665287930862091507442315334143039885879777749595826845915774703673250467311438417430648300667370693181941880978901003948887708955500548306464312978172469595530321442457613309380597900491263623573902477645370405493708194834737111006055262976205613159900054447606254975855844069788004923114475730267
5192570090940569700705568531492507000937562762897912495603788632980902863058461605997479831951670661832121633118841950576161170355891451106656105086192021974484715951616379964262108281810642324100465439790198218528218267736477336633757033040496979757516009243175270651651260465614015583877015309668244665308936972013159457007
18763860768274584351053536884292819079671397646895615265138040984528126906873061666410411917507802890839202322144224136873285060076744678812414337403214557476382458779020197457526718381005746937551682737380351983056860859063727568368965352002401038874345478051256194607428090142050565905726782834608473093355354691798134447695019699209880275269888593286892102220983112048321092912819705422816803159589272762758191191913051437473160658388948517779026877459014785974944234993177083175893106176920
93619443552258531783074779268527794177
994378716052575063353162764599718408495001962064461200588802251011059409727288464853965246418771529739630339559290895172541230810136495050421258988088024814461383367236292128701380636787414811371807180272411914444545163910517860873763880069953821213287920767108998605448092761493074125513724818667783128509850904951683078517161540505438578306554216956313550
1541256145592682440943171178338059299183698868831238859073417497905703740459632527047110331
661367491273380402279790247483847
1057001109629798639102171035152710410872222916896841208525203175804898278716749911269532839747840351223738254295717773070550727331312185689078571878008451101376604283071295965300215268809923194994290865084288875944377191081636619816182158562293261688803063064843342941258511321
26567564917107774529706888094421872710984976521259922215751232116489851353046736294480736304600760875528715875623287155273252550152853820491455190689243939492381158417010140963649878946203951997969048217914756080054546931844147382717233202462202300700574385669428389248063475757681799610831736075806183436084579475384999100995068590633985207593213586359603469270853769148627061143427625616637806851070101173552192124
8256735639578328131719199661811672563155561414814207772194008926713075336518141323373277235468934556484673286879286833735846629053417447448872304871551199836135207780581334823733919513920697674773953345278368884966823051353744645757773595207297977408158434724288286365044543526154184171529878213185797322798186755543027068423741795368898315203926320220164975494469210619324484787802345309011544417344273088056279369952578237497247330669007729866324639742025198234509
3636415891389466873234309809161364818020621765968423927228746877427628682280135228733789945264340100150121602680326
5743692907496775992354951715340407381716319854413403616872171990925056957555094714941961048202391822593632153651772299404476546701795957982062561399884649582674168080917104565646310125323117477102199976954990231907493803936974140891884785831317243353051725397543
2933953421323859991294671820228969613151123952738861392279305863850719424623743325455649287179479629402849356809885906579953210083866764070089548636175105244876666898006895163376764837465500295645207981930939859768042365276229172107981773727283413920374925216142917615955929574222023997590731
45159440255641128503409638798653024297210039804939435976697958175809284319822357339014645451500313826444537874802103929250238846285793414184806554652328812477890210757801890698953260714743837311793195439614081978544779776211270930673
336864121455555204020101637020609062173780460887597593359997643266807034165330928112434682233862765650928927638032012225348335722778936044379439348458012233157085215032619292297016911832892959257726938658716682436121792728624163138528218908937242724920332374089761989337844678323398678592894719799030763949448531973917424478669371544098161093714795471955479618170789107976227887567684533494676509235376092788580726694799835075896994913304111847940809418263199797567372401848463415542178093254628091490415237787705152657624279676053463261622447331399454029325096292074379628354001980992703218228454571387784826707813071363471610219534427078203195524652407359620749537675018365204212341234762035323365442357921985744983864099551576909071877603606893173107089039779445710318138119767301589964
06298619705337750252899568261825952243122653197287972140242338873229123872383829710508313591000798371474100439648658834436558098067167594480371081257878590059762013922662001941071528333686519720262249752827273794093485170126407906788618303257603231597536255251516988825003866360487112398027422651029356744506994286683749241572670176319016325277219588247007447598215007673163622557889043719666785878066876401198901243314256206188495624975925691168580686243331776414324122349504883950288605310633249493476855255311485709569746439652224834645
45869317887064313595698553911996126296823091801616121583886634464338540743228703576941452097008738618678698425872150746292996916745967769287847062104018099659268887381463883612444404537197148024937140298160675233622117512769813467800806080906772920080828323405632998629150242944843935340481517414210514303226337233059353159729216406501770789977489486765667754248659701810990664053961777193993002922682729959565155261559639529016900189549403329922691142790760429585034259720256382139236112983495539096834702760350943461196234814965509085207722815281408363711473103744931137792543961144717949093906766168138340757821217267895627095478300552133745352338081784019151051934302867394834976612191241781626777882504927857577192457416218903439840281526248746113233544488302029698330232970666943
350841595375945658873956799473878003271348682235357912301814603029402782187317512358649113535565762947930003300592148689869165942791005622961972535995241681622364397435575947147701362641724710881543334890357847993125088872447237415575931763182802965530829577723263926842966538133974053486867141559044326206956802441751172666934249840755531197410813151131675201111974449677677002234628747046197886275591055674623443904298498470944230591122234511182048918991759265909751396283591666500910797408959809033165335425736463605737173869922338308965788835042981771340705371030507081027870803152973652255528553702248500
86279689328942835754232147612507586402535711029276583250145416860766276558991246964181532546918578200648053938834253710774131110888907645034289532007781263725340052726555996885303230239750537411430337069200013106925310294875954172507561819406895404457635352577524063703210156760961986400730001424628408819186138311661121488650252296707909853441162566121488804653445648351160745967377806871098080099717585128095849831915070169301776707685376795200027085821911211766472257306388921395352136651673069794654193181162411078713551681173151995119083939485007536086809930803316711584497824767723488691919950041482183496297218881432827253973206679683022086758050870848683288758978269001823431674593181185053563895663117798645493599453737329582508408263958155027681429518090536204180858861903651676634874380531178991851980296431
73007398022128942030646860518650628529194459748047649425864777892114206154860074490527426788869896991900726483422049857537860113308860355781173843431062923000538338849450697636197462013932161397686938479766472169508538326148629363829328085050159664329741986901453571747469218205160706402636715258954614175114388365368806952335328915046888401305988237685226511225668695048223232027577714860692899240617387732506418777919096023253407791840114246865520984475116393204215320201016910545003908002746788438343127889398035591887286960281374680983153001317878502
78602776077743029143
246731579166791079550138134100702781236927151158328891449072307717261299740602758801025921382741080164835423445282414481930275892061819233489449629417763688154163827027937903729510927971529568580856187021817387435229279295442479344
845141104894488286354696552876450150809983478544842282870966762939663055834121155540362994741003724411575598808134305925923194917446802937621408867746811922445142292019636890141342868622750974488024241772402875187437080925201881988223402586921000142086234674450716420824294869710628213183407487017594869607382554026519993772631752828504383293449367691922676048051640368504484407096590083710206327482913386344297998901277136806459700050008871303526426137591815521700944449838335751722134660379886335642720408659336848149668485189183571211650865557732433083211235963729032740980872148789001888857049512347712468228447028224221736284101598787400558086701797755691389671388474421769662145881397611320225686485181381243215657421519334762837199838571803554838036571675846667400324652006515220887719417232336412934099277812561127672014803303143272587855679042043527568599866536720127890244752115113686231205637829012428580825154857726942
6516627066446814047451956625921835498526003274303101334387364138186471429529952997542328859073192254520
1641073763820370298269840671153841409323551721503277554531521764369811560129556870709592066352823977770105362776344772670820681191308033172955644168593608538084003842809363617049455182365521312307295592066988442436950057029708905667959693074311021890952654166522002381718826098897785688966421908808056259574365247349063743214628635280196967528863586092871388348928906143168778071756729708649872240336381032145983030204452848472059095369420539418310410436500276263422602350047166840459537132888978787998225
9296275077567223751288535933529417856612778844908049754117076277428704741369018384111711492295
4039050677657915666588498426556444955869620259870480773680831172142047758917010014209852596291609568331926614051427540992426399203121442006411765711201300781324012459592230726094373885882410927649152122788823864494488477559531383035523195450134665598242621118206616847028213947694184546211725192487271836774905424797033206490920874641002818569954630242936983907668336134349183312869001499042934590035777809264221736996645715529490983278941565633888353467189227245837608011970509888860873325918626175518208661009269594669232075200381167769054
805047546052042575985206145470376212450176901361098796056915434309928761069885673818019336108651042384737145036445502684832719885985849228665268592624044456056462511862464071108671602120304952894728449483999698219138032390988694197762426583039820657160215039704409518790859530483541940325182992185168620444870429390096122115094686208982969776417936617995030157516
33348064735465695039108888589015662117227515134866793202908944093878038329310800716197128710702987960326629821566308473246439950480975405555474062036419036790769972787029662771554869253500779820075605580121351687208682876339006106643578953248944103742447221097791418022488360682436338107577065281121151338149831404058327958271066855208478320385676720
435576094177290997199315165420462496743970619635494175516062167841812528120529583071512638855320739559888968671473461240806305961406190132466919202981436583634170354644415311949972324242196033582555638434037601485368302389122468748093882832067950782071402913475603000167065422238920639862348089546309655106263729474841170095262214671194704590957410
3769109964798705770161677970790894768199096224158929095413386403909274474104688370386050663342503107966090450243489000692921651420170661512183482448891750112079747164956860767725556690559892554774133280899209787757116201137345673762155661269743450015229792820759748745133326097979870197584194706555799961834934717622838865794291887736316686119996098899654320510431596762431706071865630169866572794831845955636049361813160755361672774691450505795071538350479921139828835010361326686754198017131175493859527539144398136408743732178943618675923244406414739482732414565660789309164833722138525597272291333341269878505023275986093868583244280181688020590638772171222130617209899855500203533555729405875
52575287161831225592368813746412553341251619585864303580023840379684205418233659082011701305552443450539496330528865161370492075093166928483855284765033370588037442711018085679484461411398564784659586318121921476287469347254179057970918780908555011480638742900995502329671318516521417741877143445074886103917072308341378175447751550624181178651882035052067311146052540479292260318744858523098400271262911565199662245498107207984273928120642141262839759767737218607643086573582442459537011676100445246261442185100875606985122718303992629225242210901584210894221883986064031157551940300067239956090505659373149712982839086378494407731198616096458661234809304456218605612865425439395719986309529694177238570731857937001969187609476737088977834486389936653847689629682047527258625356982866000948429293538037357296708408741902556480719842396993704459553179101118855942487101319326109307037668485
21429547114756206672810102142785045295798786536047394451131984148704529599567432099390989964534149421093767064453017471205281317518148546591206588981785332995245429615740241036140185869618140641714171920616464122504851945407706571978818285291275671376473911920787898591302294158567893356451365013734955237361182443174318679367154728462212794872786523377109540844867212264938623842410379686957698330157050929464476112593328142528848299924790603126474727407972992791396914654009860143093323184765082961634483813082978442800372537906404186210455731253081495381019203250215165877513285062171521095191519209297672741880352850568208348868996965715762918705637808355626406193309716260999708320709094818361200460899490906732972620681122123808262760757640905846161463597309816943518562681360123532110107810052068680985819069688683064696176234326322156808124446258894136817192667728354289451914887621149685011360175197748885007391553731222
2929249386244180002174944699088544634989883137836797918224244845204180464233299953639981442450567892184595619456476652457518634361015186888236715805860876073683111646184010213856715496446128678498517995353741270857156738982192437091025940418002741096060775524872390769592275459154863161417952106461831029689184897719515387231168740827790391211431884805410827055898262315363672527183766254822560741066589750691824295418601820907003294696779242625489609696903857163699289855046725898750128967047468018367848436630911188565159
4248839444051022059476302641029991263719883576840874145959509260020455375757698900636666938003792758176743190193388751374786995697854887993928133096063370277070324426772544272374695060911782053018250526681280991040145820777078177214437646818180954690720304328696472892242375565913128658
650091372551585034835059491878337592753382629126686014664970535480561650228190732461259714565219249739764321746187764913742879913554337792264410054282037626203041669099410884871642268045033045828582854051224690768889135132124458709475235931359284962725258561756243805011745338864891586205092465292785593882093114197924592831119680021325879814724502793867493482947232250378521398591701716715595775693599188634268854275451085565769771388396638493739561899775667521845690779505249321805336489240266501462453972579734502188036551978961951289002133690327671204077053480688388611750473727739513442231287251468838148379703550695871570810302513748941268789381344224551448399108741256120648655525381755509882061
63900679240080188172372929165662646925607370363123057814190153785663311475337513543618747000377254917243524157237365602569002792269030269510361086040433892976761659337677185773789079191680029205313136655712582462049531317027669083416620680560214214991753067979722393748386245807526459073679591223522626636916054760593214331394658846980031639386876977264374158441665178081360155361817772296463914209536399734821095850213365292113350523703122435326072081786263370653336847870735204798579525443053158104598545927341998107886824214837101340310420645507995651453021678003938677000051965226701581810289069164465387967540467824162128154154506334693143075135119651336298194048498950791625720172980461194764886148042057241046578369565973372034902512312901178545458
121506029848386904548826080624458786933570844873416400214559335582962857858754563939402560493008694199220018018924779665947919693165
0981568167539465613629052079562112773834476462973893689578474992336635128397306175033469326082588141864635914795845131477078701832739130156807574377894520378446447318521777170245419063629048133120825019714813413770815848656373337132121191558982626545993183770296302126444850067717959744112890734619721602102308190049655175936937132887568063303258341537479599323689704785806867606351863693546541512657581225544793756099378319205264819154155932195486039249506081094442774930486372844242541864256218037506265490755600292869400521434810841751221092926368240346472258381170134613394738191492195129144991247493617700254351796614096701928055006634528713
389891243739961720963488126038048853779192672867417285002493900057658825544936188226794390830677531804039267711456516220907720935099158898453074768551777334544539516794994896859791865930129009441833552480639876859128322651277038440048580696413170613972007508544855934845909577993378647396876074009923292102451079680429750832509623370030809407543883230200306140495490905674307678175179288215821910076212824640614339237939482697748371602053128384486176883291530545586896715311436487352096986183626510052476823207597574248154046350065344869535658373152357095722
3439286461497406807957057160894808961166808447985471315208080886836386115315358343039857982747344129083730770722181337662811076777988290050408211928990460494682098523808192415503481803176
4097819488697965056338137805743399763878299783986038134113178311391615296172710756931049519716355603603649086731306373080093389799292615487949950297070561239387427306022925933909704128876076335924133609257766085596004051032254811006913718804585130038496715791789920722216439909368177441657054666887803332376721472977491232710983322372174227995386839882961490098867896781989269025162927384519245486761443528297969278633547583880150701110357561832259629792906732505212658345395291266028358182706256238183355221629817589559946136233834716132761813972591348006663419883219234383580283342545386295158601072592603156965516704856976887781235128586899797566084467514212799458653148091111644323320013098245627103516824121469549088480164281150446719304129954103882535013382064665785432866595262141840038787819094758601130487408754293756009487512476142274616719187302808429371896052802025491749797881566175167190225759611302966648434046243737075719128685380996461438951563943076523
07262442402014000802230154406250438230000707499250393140123373250497533814386179772029229057944492330902762367552746381903148720136676205020843036133522950844463126637783488629489644918745581045448257473609074
806494524368022915166219648469279510483959135875412823596727548218815752771876033975519697626838291243935636823197129930888427338998703347003495367021704319428520281121199630346399631675428694327930022252518705843290260216667636869913248104459433061205810288621324407554634870173132912321724922696630803863799310100943325205742532819240544295262446445602275130810537372299817379217234683686660611226707233427844129308612421785728001695706624933246084595007098224573335976381607561
380403660246061221876514253471231008170034939257260236556950169533910872435702709879957773284654193838139344286790178406247614801369748398447208565037957945832610772466643105165027013309874028099578526922084174397606810681116778039893265314570730490881576326935000713055826315648322126871149310046
5480478479239441512892716890183016144500081450706795525773409554208540630929056979898468010274165000679137939387312120853430210259893161714805969284841150331354118837859988119521669082990257412655153416708628025321298017262843243033880519953615461918040514336435807787760403626170753176330043258498781973453446929535287382248860854059729504928986290791875538203021005225429653217553478595698743391809320790318353
6925519694088280060639883715935956138697797069216778350479205012677833285021965892821684071267095950412072245023272728182066294053503131246697489432961346791506841349158462143894904437231910723436957482274771696794069569864517543046810408334254224788064370987940246426676122751169584654609263580671167664985934654179100343729534423653902053519626318656904549532363063719102057831031073694587960535072350909089864422772485097197599923830136820045580524149976985795744439623227669687685284145519096972402044491473718833995118131350776067304896130139987773094878309415950502876687291993443176144997237150816956323008151173560085037560551460499284119300600007619701683007490134952226621337650639301011466280569
34143942487172241836856577945473195365755595940356304380264398851593339253667945702292195899429182903525426227133365841099731199250484330959439333743113395578781005967730329360052220507000149932154702456849530894859721012921628201700862833160567146877849223553674163326149297526154783786746274512567751862766100879776014548920078500903163715038271311404655235654889343081644985996466009286020447992755841489260470751211574966790893227068307665320731304771851289857387959796341026299125240317595076316002690245402429386219685046945893394884869412939101245913672702323091607577732876189803866296368829397166579778535054212605341536449552586731921444171963924302611649835335613225951072058875934996579675188245199440159097029673688475462891380593106034645659807444106628127011
92793327612092603651175157990832133118258809162249137617896577758536002030828537598082446304647194916495630917990065337867693245921793390009467095639620655396121073835667848869250060848025199055421588011290124741470704416036299786279879927020698902799184502037234763368461927531488667205458285387870498189192369077192500888157220695531258392802316514892545529069386585971007191544460003821054360170584183061223720928505326403602639756515002225741258499874874977150823430069171999283242406896166007143384346117565915
8157701917749391285471711853409111925950829867405632450012574928531192964632731589988501901985269420468039907268854353883834232237987391701887669340851725260830498453587341003636716393524632867720415643364779196428643820375286316856445268138209639662460505629469370892169854490
9722813951211891229260723801829820577158931209558021845917882261273454136196824652013802865840816809857722169552633065918908276989375905429796375748740983388356151339569921848241058440700204516841734891436544199091622644611898305223237738411450648239709945209443159651860215714346760881869053595181189908658156890930047768276020527261546206816337452592932468001557133920400087270083698999952787803737654241116617426689771511292950188705380338636042778972553676655100971283727014061986487686469629
316325108312313789968453580937601816578097504597393708104480957849980560770534317517288893042832319489125873117411264521551843327936273515505365061744838537136919064597725091485382360947295643663884580133487701899011431243274140474381502537027069032097034965443101754877463604382343653250148088085193318838377793004471816482975937375856658773049066878205899360
4619733206755449418822318253057003817216257240761851289543786839647429418214043276720352911578365516029706963862263088818247399099588364607197469170695049127068894665528550978109498721209209458065947124534963882336951677943433759587749182494115068132917583625537081695352272726646677430389983461376526933522472778301152346462443771244195381486466151282473379061267154308918530470085086450064542394134175848395705769251428231843654134583331936186098448278149862763913953076135090671357583541297852148118924597299499142061543157947763941185653145768296282219354705217593267693171231072098173057717754825649095416426637398917546714874947002774383333420971791157880981576234718060445747745268997936362989959195329459692187096471251450622416315928641141065863526903463217185526612000299392268922339844869676286799538360474535960435
0089618822850592801061994503772785501819651348936211361430958835800224760850722877315502602952400355652162169544283438665428511868057874232957223320831653003887836585495773447827899235768918103809298502609578554115308589228808896686161621780169323466600931
03829440704179847003275960170012429070708107014352226987427014179275801205880838268450215273536546022724806711286904256489616966536202673949964234454011266585950449186835433732130826355699655671165096457142601854690291039656523518870652350511749139462507764046701837552398197899118807563337722067370013312840020174031316
495967033628097989247666202988558543747532648919204671491886086904272946168059788818371008582663135227196026294902162481266312718809561191319828672138991014804028965189689609123163280665804420648154884958359764610550442258742737573310533086044659201145908585851423717705134973426738260234234613997827778702755537000183595901241607749211619978859333485532791186249725776068119635016610100307380417106871090704911925635401712412504031246900052251426216335166591722577088830593256931622291007407173906454748567706392449943610993056221883485992802316453501902370167975268988083778430815539834145652035155648979637310327362375157532443751124977122565430711244111842169229226365597194603309823712784790304670890113735387180805814146058832736407958027257553131672300107156184759569438380379867922039199766741566246368393615973439749426198229253384640728702157191616471975279607749988956226947327714912572444465046880352822649480574760868808915243838303772792196765634
1896920173398664737871241737107108639900936354400725265290578808489769823767007808467288130202676841845993532257240265406878889464705792039176375883487506677000224862327735503391591101570048355695101878502250585818089080724631665796372214662341818199902102251222258639011094475052157317283481927585181289274970490769614280648464320797262358849324401939251623508775421988623688439050182555121660553569446058688126636543904232492231029064393653847106327756092842720999160966696626389326439554209804869484681002714588858237868717567010063542565714780575165438800636590252331940845238438903257881
58277492743359299621827925656994244905435721766887769519336174337375508635212591193573186570118952527598131801754670130154436567769909888958081993620691315964770443725723912948100073544848820545996707354748059595414424733783247190382029904243438539410999763821396587628836184882284510058277795049801229395462183379809461706636926733586090235686825783558144432564184506971000935869388021803566511562449881719932099658935422330009893553691712779750395048707219188067069740598920376090165094043303310756728388561636435977503096298259712533567851166149422086686823525166256046341843626929570369674229328065882831335046030054777520336900732248834666017481216677646211702265731751033838683281383759696
90266385174810018278819488058504263747013699222049451230248565607679378149202019891629698209709518296596325841720223942394534731241863
92081886901548462810409293818711001585824417771202524120183938031167305530170645151866768318769846065027692725324472905004731331971855090495682609203589236087355457108176017140848846449122417252631029353298670952271167068065036095679296178689419508936092030085866271660694839425722375932728403084641034479752530019760085124803512009042681886933340618927846177513470113033113363489176038127179262582183613011061398092909669883329969146298348717831369752376189834971079466609093630561383049559029111501869212641478711122296380161862438357793630919701170895698330
62630285107761780709461714035145327356929352882942233467780662054249016909389532866511516355002618124059175321694368131381697711478647202038957519966724418112624917621908747911678377391305773904716537695959604714037052868333973376492859018107163488299864054072086328010934382374858742115219982842235433124050997260753215160618703509788774589360166590670626899315588376060255452965966869101683078483111915461853875279951182092295974222717824323070944543029057764096121333085571924732284200527145307304223142863744209300781712066712078576596763165110204063177372508771667526295000571611771505798507809965816982108115653351632899255316502455486073965408863036144654710550612777397998920947341859246171771815793619297016237324198984
155072060279211566854132280252178665770395105202615285990122643952037925041013872327744088965622359567779273735484939565152958904144384742437084890166730838366393030284818330149123006505875002790976928989019949623713634042416782409323744046684494770871020812977320818969485552056051370061158519523181705961309764207318753928362902608097295089432545931451659581921295435102123357965032656787202473647628582107134364870437235624486986236260418549873765
1920229149701261720257409011370108098039330431350650677288017183260604026660356068466975902436861058345007809496574158848067394721940758438809913817455058221601660867074757264404270048903175706167248842816467305476449263197491733359285351172511600758309260940515452878643781470603787399960690555951728586355142157307311749248733836291757888774907853540013665357877639004479669859195007745159580007356116623927997518016546094924387811601668347421686514688475746910315235385658753933033084838501691413867728485929450725600380498430639398126353242050561573580914486609350737907359749280408580825481227108757464170192877006174667874182722124741771244354047891132014393390774077682069753744797156124795028134415996788284807175459193914590811071287032419472411832672545306314586998510351345363431043778564705626237945632548428205837062642629191756634123275174330057224335063569813586
49212309394492375247539705337924031068794040001650060053305096807116854013769125032987228370903691343034491789754965469494584319706887639433822232891477589208180909903375775753634427174667463299700078871481541287327968095476802337665334275732353551330698972773261149169456258492221470097160199439460936542478794
953136673397354794233390146790119840065537305138785314225506844354126598548616621013776207173232590800637241425959444567715824
72133695091624365597980631700194820798587672770866950937564886171843834076886097601523210415867154736693121528365987072782219237608147917095861636034298033695958517778893718393235278034003990176760363506546729240479148288907820374520750576656507823112364104891567230091675611193390019592246083896821839720683144823705760334252959195367919536872875
267132534607030728126305637223280396029955973264683489748727257228422974441458379311912790259410481203446137987754906100635682122075629866430301607043269898536009281784538934354227560525129591127440471057261656867210
337023421678953881087314972671170515958672759631811540309055627017057476609549464075656963419051950309019354031019788279713063808765372279491473015405868016477235300655790077071222268258749
0004188956083152969118784845597441771815894958791588032843690330998665925597519051284140932688561857777953297586379562557260095555102249037342709009514766054800921111780259684234828210213010938322718986938837821970835350573777497915017405978599885741890516394076200258386848833193060845736514536178808497718938096235677642656752567576491678813601678034423113431269852972189039240964168140863144500193731108548838200397510888000275215861771608220812410883856690467651141649054299636797104950076995320412796217866141458544168479225729089911105285752314929763055947255091936396848052739212042151972353574619267556188019923509407927509571329031833626333706753488702948876702186477724160639902666582229576008049585789643043611816613990336879331390495642331317658513925426897588424076937651823279221432508552191975491229820942751927918251634688838136878198661228978256611407875112324461797566694966434776117993627190557346455113939969157784432610641780445353469796895092762606
97482669467567701102785245868415088046523665384701096006632474896975949204958205319547817508056040920309313217258548751038261665406921947946887304853494704809662297849397304532373666882863308406998753858526850905471083985217137090870886701631192202410995831427310785419259710369957917158210137307181869584039193055509213333475399720458335702344178242761647356643762100763479817574451826191887917839366907276764314248146035066765451198329875707669420863192044599219026263242562543711976014478675340658842041622492080468037364162382265339648567279883264585077739852234246350334095878895955932832903670544590159382763745570812687056840847008056098569989651643
08575800300672
238933353894407721769784675137094727186603151136184629512345479777931706304067424835009300051539766170032268747459832947306622487455655626185915537819489730127298209183160765189990695865082485887231620346675996569550364072920383492021712444085081115748375699939409432005788718900020790894079425006278644198978075443513570711977958918000594460082022267909991949557513112942887159903470975465443236407398661470682064025107293839891696437728317764960218264125727521600922430530188523603797620191627794716613096479891803138123004872914044511727200655997838716145383971405260335574063530700904079842161550883332260143830846771710784310987304841488718361497261924854076782871438058687202814188506207376556895759569286342469415040259936501451421362656348806700117840316688436375173356478910452554976078888176358558136231896038591415593525019727210865573584298276462
31953943481323926533879123536199759071575484368479751711873165467496507748856288587368708254679888786994197043706153581357024103206859513537067120306086650538587337313414785172564166660530115353517584542639739911814769919687914514398525082173424756986043501526810839632321510632923114028482791059475786000763969913069421409345496354686923777335383797192021034789302958
225837634955848463962454940215042855170451469683424665099280043316371195470624517353897232399241875075354181984062452496193075237301677122417416554300658241413302463568767746949850181728669016595681352125813185883286935394219952561716051184221390935487828368512518557204855059614931717414594850554117102834339399258246460697527910659229014499818707815368693275046229046771976406832440137740862841619829534556156220282096356167876435879422139709864122966379702204525192788460307616843727514146571601584738145493561284591857849325450042494378503529710147292975077952848111295392754602512260677746023377310899841272632393876461891770750747516385808733129136369891092838574864648142754015029234781390944657850927264162859427540604017815351850918600492459818228790294807249337115592222024024383214277437815707203856090794362624254789007712098761356105444181923052131366521541531405693964975392034750271650408570653358501406905759073346733839177034214942925207279679955768302219976114664544613779
7478025376747874868465773005237255833658164273699878664183403112485464348299141170013312393184954389895807409375436874206596465100753896707926146016601504124370238886105841308625473917380526207282375592955709370776659962770866674299468701656420500466204991890104590917950224914071296044020477430599910162129367919963265638402613856379583541006348477716075526494546473246951284106362395017744618433127848134402292278
5567360273321065044426789430337427664594279842477566967298829395976
02902068967080240578337596710011243960967715336812650319909915
308188382113938111012663357723888026180173555632767837675001577387579312717711516072448957019572415904326094283669843401178807223031269784751253143145966973769010840246289957643213386898149119082166395231774950018510396137179599531290826198139134451348861545839080876804692871846268199189092024293237957138871874564455040269213696658712275069305378268298610584833918266480090788992275010552768975386836438877296642412972368638038447975578730122910158093485365218005325946418700228775166225728506898792307314748957671190464643071880521605617694853950469781960279253981611655437968580271619331718674083035907139813957282936725331347535397137509413516098440412143921222271897346715375837121816954197604112946784594736423999993616640475425921660789623135310795553269005644918364845961606562218894208740362782847241020852673496992453387123548281406930907159816053120851375405775336118578902565991674078998144975775298785545674398
845949782848757466499921858839300655055514881472204318510393949520515114181700094130907560064994142912809983342318698260355457535486959140313566908027930604250095849647378570636314617935475267907531841064724566772274156329343483890278763892683929960839599002588235130183905389516499324482005676450271129583622830332634879336363970145715003189727176306500620341811437256950824523662527113277435559113727273386843590458122623263762330510921482369852851915780781508713391037393123967991384046177866711636878391675395323365681980015675622768443786017319305996985520917751280236014425307880872298169015032491321221161069459367064810276599565855700398683768713961123911143440850261490118682880640131221812013353612105484529396721046979114770732582581340581107344548210571919149115569681284886651944329578644943295117
2749969534767694772901569217923327863597911332111355937218627392508482253122809793729855205049873028676564469029542783549633605916921202644484572449036582245610179223497273345379129290186587431160149673135542290249760884210092369576380889192230910099675919773771112166385416065389664781593379261158385891896019795134626191651739187787929202956004184363977652039612301193968174869038367831375771832699296982735359684108409926935733558273458810990204747164761542502128389072956652890727017782873603100199306119232634665042152113461887281976789571016362435307531759054133985736041438703826090864190628030258755933752305627131916074633266966904787467925606293540876789484600975986364230684315888403680390237998914289803382637375130696346
784080070745611246523411372212812884894687645699396446755497443724333336761272367245331801217542551010614448323242429340800722436821112930394733845766614170945533397437383436740013470727060721768983626048358053553679575793162636861270581045975972091061102775787591710478648160616506002965113436953992227806884974351
8824579253548129318212387561887926858067006289809788217643855747281802022956195481652440966835656529143675811999889494401539021862124990701436128810718484184929625246695727685109218388172669096204034060933055811853799365863173895183544968784689096990884732963823962785747367174910568379901788765150530125570990077418697091826307013910125383872918187467372569285997982745789624848551507193994898125709630153292486201871295291876597357102221855836006905443030739812549738405573608519001916253945553237727677584577589809967652340293583145412487875056664014143573503231117191605749436007700969012078146587144929916360826414721237595996984907782335795476948409887775854397093493180222896905537881017358895030861103066939136297607563326419072979283231469272651126492148941857008159505065361680616199732579569542089351941
4124077506383396237420698375334362169287569510148605890
